1.097631426921 0.004274586173
9.532062391681 0.004079844206
21.663778162912 0.003748782863
31.484690930098 0.003456669912
41.767764298094 0.003072054528
53.206239168111 0.002585199611
63.373772385904 0.002074001947
71.461582900058 0.001626095424
79.896013864818 0.001124634859
87.521663778163 0.000759493671
97.227036395147 0.000370009737
106.239168110919 0.000121713729
116.406701328712 -0.000024342746
123.685730791450 -0.000068159688
130.271519352975 -0.000097370983
137.203928365107 -0.000155793574
145.869439630272 -0.000160662123
154.881571346043 -0.000150925024
163.778162911612 -0.000121713729
171.519352975159 -0.000097370983
180.415944540728 -0.000121713729
189.774696707106 -0.000199610516
198.440207972270 -0.000262901655
207.683419988446 -0.000389483934
215.771230502600 -0.000520934761
224.436741767764 -0.000618305745
232.640092432120 -0.000598831548
238.994800693241 -0.000545277507
242.692085499711 -0.000443037975
245.811669555170 -0.000287244401
249.855574812247 -0.000107108082
254.477180820335 0.000136319377
257.943385326401 0.000384615385
263.142692085500 0.000759493671
267.648757943385 0.001100292113
271.577123050260 0.001416747809
275.158867706528 0.001718597858
278.740612362796 0.002000973710
282.784517619873 0.002297955209
286.828422876950 0.002585199611
291.218948584633 0.002877312561
296.071634893125 0.003169425511
300.693240901213 0.003437195716
305.892547660312 0.003666017527
311.091854419411 0.003865628043
316.984402079723 0.004036027264
323.801270941652 0.004182083739
330.733679953784 0.004279454722
338.821490467938 0.004337877313
346.909300982091 0.004347614411
354.997111496245 0.004333008763
363.662622761410 0.004284323272
372.905834777585 0.004221032132
381.571346042750 0.004152872444
390.814558058926 0.004084712756
395.436164067013 0.004055501461
398.324667822068 0.004084712756
