  2.117423400000e+02   5.952304463366e-03
  2.349771900000e+02   4.678355150495e-03
  2.579622000000e+02   4.414905592079e-03
  2.809472100000e+02   4.258901116832e-03
  3.039322200000e+02   4.104615855446e-03
  3.269172300000e+02   3.937704390099e-03
  3.499022400000e+02   3.725492924752e-03
  3.728872500000e+02   3.498738534653e-03
  3.958722600000e+02   3.284359186139e-03
  4.188572700000e+02   3.076590928713e-03
  4.418422800000e+02   2.888613902970e-03
  4.648272900000e+02   2.720470015842e-03
  4.878123000000e+02   2.542391772277e-03
  5.107973100000e+02   2.385765184158e-03
  5.337823200000e+02   2.252614497030e-03
  5.567673300000e+02   2.124469247525e-03
  5.797523400000e+02   2.009852702970e-03
  6.027373500000e+02   1.906282904950e-03
  6.257223500000e+02   1.828658139406e-03
  6.487073600000e+02   1.739313473663e-03
  6.716923700000e+02   1.648485337030e-03
  6.946773800000e+02   1.575344966931e-03
  7.176623900000e+02   1.521922760198e-03
  7.406474000000e+02   1.479332768911e-03
  7.636324100000e+02   1.418891767327e-03
  7.866174200000e+02   1.359435821782e-03
  8.096024300000e+02   1.320122493069e-03
  8.325874400000e+02   1.293701472871e-03
  8.555724500000e+02   1.248400967525e-03
  8.785574600000e+02   1.203574324356e-03
  9.015424700000e+02   1.171877490693e-03
  9.245274800000e+02   1.139771145347e-03
  9.475124900000e+02   1.109495442178e-03
  9.704975000000e+02   1.092143505941e-03
  9.934825100000e+02   1.076401187723e-03
  1.016467500000e+03   1.069878754653e-03
  1.039452500000e+03   1.049937163168e-03
  1.062437500000e+03   1.031935608317e-03
  1.085422600000e+03   1.018866846931e-03
  1.108407600000e+03   1.003239615050e-03
  1.131392600000e+03   9.848959338614e-04
  1.154377600000e+03   9.865746043564e-04
  1.177362600000e+03   9.794106114851e-04
  1.200347600000e+03   9.681060328713e-04
  1.223332600000e+03   9.565270572277e-04
  1.246317600000e+03   9.496398637624e-04
  1.269302600000e+03   9.429724465347e-04
  1.292287600000e+03   9.316946116832e-04
  1.315272600000e+03   9.121912148515e-04
  1.338507500000e+03   9.061821928713e-04
  1.361742300000e+03   8.937496386139e-04
  1.384727400000e+03   8.855047722772e-04
  1.407712400000e+03   8.733340849505e-04
  1.430697400000e+03   8.699475477228e-04
  1.453682400000e+03   8.687812281188e-04
  1.476667400000e+03   8.600698651485e-04
  1.499652400000e+03   8.489438522772e-04
  1.522637400000e+03   8.389364164356e-04
  1.545622400000e+03   8.360792744554e-04
  1.568607400000e+03   8.308009994059e-04
  1.591592400000e+03   8.315986013861e-04
  1.614577400000e+03   8.244496140594e-04
  1.637562500000e+03   8.169196009901e-04
  1.660547500000e+03   8.086955966337e-04
  1.683532500000e+03   8.034744390099e-04
  1.706517500000e+03   7.955386576238e-04
  1.729502500000e+03   7.838046409901e-04
  1.752487500000e+03   7.665066934653e-04
  1.775472500000e+03   7.573327138614e-04
  1.798457500000e+03   7.482517948515e-04
  1.821442500000e+03   7.477120413861e-04
  1.844427500000e+03   7.477060267327e-04
  1.867412600000e+03   7.398851843564e-04
  1.890397600000e+03   7.301564069307e-04
  1.913382600000e+03   7.328812734653e-04
  1.936367600000e+03   7.380163095050e-04
  1.959352600000e+03   7.320600451485e-04
  1.982337600000e+03   7.301458166337e-04
  2.005322600000e+03   7.252520879208e-04
  2.028307600000e+03   7.261687560396e-04
  2.051292600000e+03   7.217543542574e-04
  2.074277600000e+03   7.208491334653e-04
  2.097262700000e+03   7.236372534653e-04
  2.120247700000e+03   7.189546720792e-04
  2.143232700000e+03   7.107410378218e-04
  2.166217700000e+03   7.136849762376e-04
  2.189202700000e+03   7.158469390099e-04
  2.212187700000e+03   7.186145011881e-04
  2.235172700000e+03   7.278296754455e-04
  2.258157700000e+03   7.317170853465e-04
  2.281142700000e+03   7.398255134653e-04
  2.304127700000e+03   7.498527485149e-04
  2.327112800000e+03   7.594972095050e-04
  2.350097800000e+03   7.765813273267e-04
  2.373082800000e+03   8.025601728713e-04
  2.396067800000e+03   8.314174867327e-04
  2.419052800000e+03   8.655418467327e-04
  2.442037800000e+03   9.005894378218e-04
  2.465022800000e+03   8.910736867327e-04
  2.488257700000e+03   8.676385635644e-04
