2.00683594e+02 5.30124296e-03
2.02148438e+02 5.28931383e-03
2.03613281e+02 5.27762624e-03
2.05078125e+02 5.26610884e-03
2.06542969e+02 5.25461611e-03
2.08007812e+02 5.24304403e-03
2.09472656e+02 5.23150380e-03
2.10937500e+02 5.22013242e-03
2.12402344e+02 5.20895993e-03
2.13867188e+02 5.19796994e-03
2.15332031e+02 5.18714824e-03
2.16796875e+02 5.17644918e-03
2.18261719e+02 5.16569496e-03
2.19726562e+02 5.15472423e-03
2.21191406e+02 5.14364455e-03
2.22656250e+02 5.13262394e-03
2.24121094e+02 5.12174019e-03
2.25585938e+02 5.11093605e-03
2.27050781e+02 5.10016485e-03
2.28515625e+02 5.08944264e-03
2.29980469e+02 5.07883502e-03
2.31445312e+02 5.06842159e-03
2.32910156e+02 5.05811821e-03
2.34375000e+02 5.04785693e-03
2.35839844e+02 5.03770207e-03
2.37304688e+02 5.02767836e-03
2.38769531e+02 5.01783287e-03
2.40234375e+02 5.00814077e-03
2.41699219e+02 4.99847142e-03
2.43164062e+02 4.98869084e-03
2.44628906e+02 4.97878830e-03
2.46093750e+02 4.96875283e-03
2.47558594e+02 4.95848872e-03
2.49023438e+02 4.94806234e-03
2.50488281e+02 4.93780550e-03
2.51953125e+02 4.92787896e-03
2.53417969e+02 4.91810087e-03
2.54882812e+02 4.90849632e-03
2.56347656e+02 4.89915963e-03
2.57812500e+02 4.88999109e-03
2.59277344e+02 4.88081119e-03
2.60742188e+02 4.87153032e-03
2.62207031e+02 4.86209537e-03
2.63671875e+02 4.85239268e-03
2.65136719e+02 4.84257365e-03
2.66601562e+02 4.83287513e-03
2.68066406e+02 4.82330830e-03
2.69531250e+02 4.81380553e-03
2.70996094e+02 4.80420745e-03
2.72460938e+02 4.79447116e-03
2.73925781e+02 4.78475706e-03
2.75390625e+02 4.77495280e-03
2.76855469e+02 4.76481266e-03
2.78320312e+02 4.75431083e-03
2.79785156e+02 4.74359798e-03
2.81250000e+02 4.73291181e-03
2.82714844e+02 4.72238662e-03
2.84179688e+02 4.71208382e-03
2.85644531e+02 4.70194894e-03
2.87109375e+02 4.69176192e-03
2.88574219e+02 4.68147447e-03
2.90039062e+02 4.67121827e-03
2.91503906e+02 4.66112597e-03
2.92968750e+02 4.65109821e-03
2.94433594e+02 4.64090748e-03
2.95898438e+02 4.63057495e-03
2.97363281e+02 4.62024534e-03
2.98828125e+02 4.60983109e-03
3.00292969e+02 4.59909570e-03
3.01757812e+02 4.58801698e-03
3.03222656e+02 4.57679436e-03
3.04687500e+02 4.56570631e-03
3.06152344e+02 4.55488520e-03
3.07617188e+02 4.54425367e-03
3.09082031e+02 4.53367080e-03
3.10546875e+02 4.52300733e-03
3.12011719e+02 4.51222753e-03
3.13476562e+02 4.50145470e-03
3.14941406e+02 4.49076893e-03
3.16406250e+02 4.48000122e-03
3.17871094e+02 4.46901420e-03
3.19335938e+02 4.45778718e-03
3.20800781e+02 4.44635279e-03
3.22265625e+02 4.43480736e-03
3.23730469e+02 4.42340746e-03
3.25195312e+02 4.41231000e-03
3.26660156e+02 4.40129578e-03
3.28125000e+02 4.39008308e-03
3.29589844e+02 4.37862390e-03
3.31054688e+02 4.36699315e-03
3.32519531e+02 4.35521061e-03
3.33984375e+02 4.34329904e-03
3.35449219e+02 4.33134170e-03
3.36914062e+02 4.31946130e-03
3.38378906e+02 4.30768063e-03
3.39843750e+02 4.29592974e-03
3.41308594e+02 4.28420928e-03
3.42773438e+02 4.27237347e-03
3.44238281e+02 4.26032631e-03
3.45703125e+02 4.24805416e-03
3.47167969e+02 4.23569372e-03
3.48632812e+02 4.22331614e-03
3.50097656e+02 4.21110087e-03
3.51562500e+02 4.19922271e-03
3.53027344e+02 4.18764045e-03
3.54492188e+02 4.17616239e-03
3.55957031e+02 4.16446830e-03
3.57421875e+02 4.15254140e-03
3.58886719e+02 4.14063497e-03
3.60351562e+02 4.12887882e-03
3.61816406e+02 4.11741172e-03
3.63281250e+02 4.10622865e-03
3.64746094e+02 4.09530090e-03
3.66210938e+02 4.08454989e-03
3.67675781e+02 4.07363528e-03
3.69140625e+02 4.06240500e-03
3.70605469e+02 4.05090225e-03
3.72070312e+02 4.03916611e-03
3.73535156e+02 4.02749758e-03
3.75000000e+02 4.01597464e-03
3.76464844e+02 4.00447388e-03
3.77929688e+02 3.99297496e-03
3.79394531e+02 3.98150285e-03
3.80859375e+02 3.97004904e-03
3.82324219e+02 3.95848692e-03
3.83789062e+02 3.94668551e-03
3.85253906e+02 3.93472247e-03
3.86718750e+02 3.92268404e-03
3.88183594e+02 3.91052152e-03
3.89648438e+02 3.89824170e-03
3.91113281e+02 3.88603578e-03
3.92578125e+02 3.87407731e-03
3.94042969e+02 3.86234778e-03
3.95507812e+02 3.85071638e-03
3.96972656e+02 3.83904501e-03
3.98437500e+02 3.82729504e-03
3.99902344e+02 3.81552473e-03
4.01367188e+02 3.80384281e-03
4.02832031e+02 3.79239520e-03
4.04296875e+02 3.78104438e-03
4.05761719e+02 3.76965320e-03
4.07226562e+02 3.75824401e-03
4.08691406e+02 3.74681047e-03
4.10156250e+02 3.73546153e-03
4.11621094e+02 3.72431711e-03
4.13085938e+02 3.71336281e-03
4.14550781e+02 3.70250841e-03
4.16015625e+02 3.69148187e-03
4.17480469e+02 3.68019949e-03
4.18945312e+02 3.66875244e-03
4.20410156e+02 3.65724126e-03
4.21875000e+02 3.64556613e-03
4.23339844e+02 3.63375545e-03
4.24804688e+02 3.62190875e-03
4.26269531e+02 3.61006431e-03
4.27734375e+02 3.59813364e-03
4.29199219e+02 3.58629079e-03
4.30664062e+02 3.57478370e-03
4.32128906e+02 3.56349191e-03
4.33593750e+02 3.55241405e-03
4.35058594e+02 3.54152678e-03
4.36523438e+02 3.53071959e-03
4.37988281e+02 3.52001110e-03
4.39453125e+02 3.50952453e-03
4.40917969e+02 3.49919325e-03
4.42382812e+02 3.48885981e-03
4.43847656e+02 3.47845717e-03
4.45312500e+02 3.46799830e-03
4.46777344e+02 3.45757857e-03
4.48242188e+02 3.44720047e-03
4.49707031e+02 3.43670882e-03
4.51171875e+02 3.42614786e-03
4.52636719e+02 3.41573242e-03
4.54101562e+02 3.40549957e-03
4.55566406e+02 3.39527034e-03
4.57031250e+02 3.38499155e-03
4.58496094e+02 3.37473355e-03
4.59960938e+02 3.36434535e-03
4.61425781e+02 3.35392946e-03
4.62890625e+02 3.34370540e-03
4.64355469e+02 3.33365716e-03
4.65820312e+02 3.32373296e-03
4.67285156e+02 3.31367829e-03
4.68750000e+02 3.30347626e-03
4.70214844e+02 3.29336989e-03
4.71679688e+02 3.28331185e-03
4.73144531e+02 3.27318586e-03
4.74609375e+02 3.26296057e-03
4.76074219e+02 3.25267220e-03
4.77539062e+02 3.24240820e-03
4.79003906e+02 3.23221485e-03
4.80468750e+02 3.22219793e-03
4.81933594e+02 3.21241123e-03
4.83398438e+02 3.20273550e-03
4.84863281e+02 3.19298682e-03
4.86328125e+02 3.18317821e-03
4.87792969e+02 3.17337687e-03
4.89257812e+02 3.16359231e-03
4.90722656e+02 3.15381881e-03
4.92187500e+02 3.14402162e-03
4.93652344e+02 3.13428061e-03
4.95117188e+02 3.12467759e-03
4.96582031e+02 3.11527110e-03
4.98046875e+02 3.10603571e-03
4.99511719e+02 3.09692230e-03
5.00976562e+02 3.08792837e-03
5.02441406e+02 3.07913673e-03
5.03906250e+02 3.07051447e-03
5.05371094e+02 3.06181765e-03
5.06835938e+02 3.05305836e-03
5.08300781e+02 3.04436099e-03
5.09765625e+02 3.03561419e-03
5.11230469e+02 3.02685299e-03
5.12695312e+02 3.01812883e-03
5.14160156e+02 3.00938715e-03
5.15625000e+02 3.00065746e-03
5.17089844e+02 2.99202457e-03
5.18554688e+02 2.98363758e-03
5.20019531e+02 2.97538266e-03
5.21484375e+02 2.96715082e-03
5.22949219e+02 2.95907759e-03
5.24414062e+02 2.95111059e-03
5.25878906e+02 2.94310725e-03
5.27343750e+02 2.93494296e-03
5.28808594e+02 2.92651138e-03
5.30273438e+02 2.91786365e-03
5.31738281e+02 2.90919061e-03
5.33203125e+02 2.90069636e-03
5.34667969e+02 2.89233134e-03
5.36132812e+02 2.88410211e-03
5.37597656e+02 2.87620351e-03
5.39062500e+02 2.86854559e-03
5.40527344e+02 2.86095241e-03
5.41992188e+02 2.85339037e-03
5.43457031e+02 2.84589913e-03
5.44921875e+02 2.83858878e-03
5.46386719e+02 2.83140848e-03
5.47851562e+02 2.82415077e-03
5.49316406e+02 2.81679902e-03
5.50781250e+02 2.80937154e-03
5.52246094e+02 2.80175673e-03
5.53710938e+02 2.79387207e-03
5.55175781e+02 2.78593083e-03
5.56640625e+02 2.77804433e-03
5.58105469e+02 2.77020223e-03
5.59570312e+02 2.76250925e-03
5.61035156e+02 2.75504966e-03
5.62500000e+02 2.74756854e-03
5.63964844e+02 2.74005978e-03
5.65429688e+02 2.73270845e-03
5.66894531e+02 2.72553291e-03
5.68359375e+02 2.71856761e-03
5.69824219e+02 2.71174386e-03
5.71289062e+02 2.70506977e-03
5.72753906e+02 2.69834071e-03
5.74218750e+02 2.69145727e-03
5.75683594e+02 2.68458202e-03
5.77148438e+02 2.67775409e-03
5.78613281e+02 2.67085505e-03
5.80078125e+02 2.66386294e-03
5.81542969e+02 2.65672707e-03
5.83007812e+02 2.64955218e-03
5.84472656e+02 2.64255799e-03
5.85937500e+02 2.63572822e-03
5.87402344e+02 2.62911791e-03
5.88867188e+02 2.62265327e-03
5.90332031e+02 2.61609196e-03
5.91796875e+02 2.60951346e-03
5.93261719e+02 2.60309296e-03
5.94726562e+02 2.59689327e-03
5.96191406e+02 2.59076738e-03
5.97656250e+02 2.58460472e-03
5.99121094e+02 2.57850691e-03
6.00585938e+02 2.57249709e-03
6.02050781e+02 2.56641854e-03
6.03515625e+02 2.56027321e-03
6.04980469e+02 2.55431896e-03
6.06445312e+02 2.54856844e-03
6.07910156e+02 2.54296027e-03
6.09375000e+02 2.53751068e-03
6.10839844e+02 2.53204325e-03
6.12304688e+02 2.52646244e-03
6.13769531e+02 2.52076932e-03
6.15234375e+02 2.51508775e-03
6.16699219e+02 2.50963064e-03
6.18164062e+02 2.50433818e-03
6.19628906e+02 2.49911497e-03
6.21093750e+02 2.49382988e-03
6.22558594e+02 2.48837695e-03
6.24023438e+02 2.48281504e-03
6.25488281e+02 2.47710822e-03
6.26953125e+02 2.47137920e-03
6.28417969e+02 2.46583665e-03
6.29882812e+02 2.46063991e-03
6.31347656e+02 2.45562885e-03
6.32812500e+02 2.45057382e-03
6.34277344e+02 2.44558783e-03
6.35742188e+02 2.44078865e-03
6.37207031e+02 2.43611219e-03
6.38671875e+02 2.43128899e-03
6.40136719e+02 2.42621896e-03
6.41601562e+02 2.42103017e-03
6.43066406e+02 2.41586092e-03
6.44531250e+02 2.41075825e-03
6.45996094e+02 2.40572944e-03
6.47460938e+02 2.40080341e-03
6.48925781e+02 2.39592522e-03
6.50390625e+02 2.39108043e-03
6.51855469e+02 2.38615505e-03
6.53320312e+02 2.38119223e-03
6.54785156e+02 2.37641415e-03
6.56250000e+02 2.37185551e-03
6.57714844e+02 2.36745272e-03
6.59179688e+02 2.36309230e-03
6.60644531e+02 2.35875032e-03
6.62109375e+02 2.35438640e-03
6.63574219e+02 2.35004538e-03
6.65039062e+02 2.34591363e-03
6.66503906e+02 2.34205658e-03
6.67968750e+02 2.33828279e-03
6.69433594e+02 2.33426878e-03
6.70898438e+02 2.32990253e-03
6.72363281e+02 2.32536171e-03
6.73828125e+02 2.32074804e-03
6.75292969e+02 2.31607731e-03
6.76757812e+02 2.31150149e-03
6.78222656e+02 2.30716183e-03
6.79687500e+02 2.30289179e-03
6.81152344e+02 2.29855816e-03
6.82617188e+02 2.29421881e-03
6.84082031e+02 2.28990766e-03
6.85546875e+02 2.28553978e-03
6.87011719e+02 2.28109090e-03
6.88476562e+02 2.27667040e-03
6.89941406e+02 2.27225046e-03
6.91406250e+02 2.26774092e-03
6.92871094e+02 2.26317362e-03
6.94335938e+02 2.25858866e-03
6.95800781e+02 2.25399649e-03
6.97265625e+02 2.24938689e-03
6.98730469e+02 2.24491569e-03
7.00195312e+02 2.24074508e-03
7.01660156e+02 2.23674724e-03
7.03125000e+02 2.23269867e-03
7.04589844e+02 2.22853266e-03
7.06054688e+02 2.22434535e-03
7.07519531e+02 2.22026545e-03
7.08984375e+02 2.21638906e-03
7.10449219e+02 2.21266921e-03
7.11914062e+02 2.20902849e-03
7.13378906e+02 2.20536936e-03
7.14843750e+02 2.20168903e-03
7.16308594e+02 2.19803925e-03
7.17773438e+02 2.19452240e-03
7.19238281e+02 2.19121131e-03
7.20703125e+02 2.18789630e-03
7.22167969e+02 2.18442768e-03
7.23632812e+02 2.18091843e-03
7.25097656e+02 2.17752281e-03
7.26562500e+02 2.17422389e-03
7.28027344e+02 2.17095084e-03
7.29492188e+02 2.16774049e-03
7.30957031e+02 2.16458506e-03
7.32421875e+02 2.16146388e-03
7.33886719e+02 2.15835586e-03
7.35351562e+02 2.15511353e-03
7.36816406e+02 2.15168087e-03
7.38281250e+02 2.14819939e-03
7.39746094e+02 2.14468915e-03
7.41210938e+02 2.14123976e-03
7.42675781e+02 2.13785526e-03
7.44140625e+02 2.13455462e-03
7.45605469e+02 2.13135639e-03
7.47070312e+02 2.12824749e-03
7.48535156e+02 2.12517457e-03
7.50000000e+02 2.12198755e-03
7.51464844e+02 2.11858195e-03
7.52929688e+02 2.11506474e-03
7.54394531e+02 2.11159060e-03
7.55859375e+02 2.10825837e-03
7.57324219e+02 2.10501612e-03
7.58789062e+02 2.10176649e-03
7.60253906e+02 2.09852283e-03
7.61718750e+02 2.09526423e-03
7.63183594e+02 2.09202407e-03
7.64648438e+02 2.08884141e-03
7.66113281e+02 2.08568701e-03
7.67578125e+02 2.08251772e-03
7.69042969e+02 2.07928046e-03
7.70507812e+02 2.07603290e-03
7.71972656e+02 2.07282049e-03
7.73437500e+02 2.06950441e-03
7.74902344e+02 2.06599572e-03
7.76367188e+02 2.06246317e-03
7.77832031e+02 2.05909297e-03
7.79296875e+02 2.05595697e-03
7.80761719e+02 2.05310614e-03
7.82226562e+02 2.05034727e-03
7.83691406e+02 2.04741906e-03
7.85156250e+02 2.04434816e-03
7.86621094e+02 2.04133372e-03
7.88085938e+02 2.03840190e-03
7.89550781e+02 2.03541120e-03
7.91015625e+02 2.03245010e-03
7.92480469e+02 2.02963735e-03
7.93945312e+02 2.02697463e-03
7.95410156e+02 2.02439751e-03
7.96875000e+02 2.02189795e-03
7.98339844e+02 2.01951721e-03
7.99804688e+02 2.01738060e-03
8.01269531e+02 2.01551965e-03
8.02734375e+02 2.01376430e-03
8.04199219e+02 2.01175408e-03
8.05664062e+02 2.00933094e-03
8.07128906e+02 2.00661988e-03
8.08593750e+02 2.00391019e-03
8.10058594e+02 2.00124917e-03
8.11523438e+02 1.99857421e-03
8.12988281e+02 1.99596885e-03
8.14453125e+02 1.99341981e-03
8.15917969e+02 1.99077470e-03
8.17382812e+02 1.98800882e-03
8.18847656e+02 1.98520656e-03
8.20312500e+02 1.98251446e-03
8.21777344e+02 1.97998999e-03
8.23242188e+02 1.97751034e-03
8.24707031e+02 1.97497682e-03
8.26171875e+02 1.97234042e-03
8.27636719e+02 1.96958373e-03
8.29101562e+02 1.96682838e-03
8.30566406e+02 1.96421658e-03
8.32031250e+02 1.96168788e-03
8.33496094e+02 1.95921976e-03
8.34960938e+02 1.95684079e-03
8.36425781e+02 1.95453193e-03
8.37890625e+02 1.95218206e-03
8.39355469e+02 1.94978126e-03
8.40820312e+02 1.94734782e-03
8.42285156e+02 1.94492771e-03
8.43750000e+02 1.94253019e-03
8.45214844e+02 1.94003536e-03
8.46679688e+02 1.93750757e-03
8.48144531e+02 1.93511750e-03
8.49609375e+02 1.93280902e-03
8.51074219e+02 1.93044457e-03
8.52539062e+02 1.92796059e-03
8.54003906e+02 1.92550887e-03
8.55468750e+02 1.92329216e-03
8.56933594e+02 1.92126764e-03
8.58398438e+02 1.91927729e-03
8.59863281e+02 1.91719752e-03
8.61328125e+02 1.91505186e-03
8.62792969e+02 1.91297817e-03
8.64257812e+02 1.91101079e-03
8.65722656e+02 1.90898333e-03
8.67187500e+02 1.90689936e-03
8.68652344e+02 1.90496734e-03
8.70117188e+02 1.90320877e-03
8.71582031e+02 1.90149405e-03
8.73046875e+02 1.89987443e-03
8.74511719e+02 1.89840108e-03
8.75976562e+02 1.89696120e-03
8.77441406e+02 1.89542697e-03
8.78906250e+02 1.89380417e-03
8.80371094e+02 1.89209803e-03
8.81835938e+02 1.89034595e-03
8.83300781e+02 1.88863094e-03
8.84765625e+02 1.88694043e-03
8.86230469e+02 1.88522923e-03
8.87695312e+02 1.88333902e-03
8.89160156e+02 1.88119951e-03
8.90625000e+02 1.87894351e-03
8.92089844e+02 1.87658784e-03
8.93554688e+02 1.87408340e-03
8.95019531e+02 1.87158683e-03
8.96484375e+02 1.86915047e-03
8.97949219e+02 1.86673654e-03
8.99414062e+02 1.86437658e-03
9.00878906e+02 1.86198461e-03
9.02343750e+02 1.85957277e-03
9.03808594e+02 1.85733147e-03
9.05273438e+02 1.85522203e-03
9.06738281e+02 1.85309609e-03
9.08203125e+02 1.85088935e-03
9.09667969e+02 1.84864043e-03
9.11132812e+02 1.84639916e-03
9.12597656e+02 1.84417546e-03
9.14062500e+02 1.84203389e-03
9.15527344e+02 1.83993380e-03
9.16992188e+02 1.83788346e-03
9.18457031e+02 1.83593512e-03
9.19921875e+02 1.83396663e-03
9.21386719e+02 1.83188450e-03
9.22851562e+02 1.82974940e-03
9.24316406e+02 1.82762961e-03
9.25781250e+02 1.82545274e-03
9.27246094e+02 1.82317103e-03
9.28710938e+02 1.82084464e-03
9.30175781e+02 1.81859193e-03
9.31640625e+02 1.81634595e-03
9.33105469e+02 1.81406075e-03
9.34570312e+02 1.81176818e-03
9.36035156e+02 1.80948641e-03
9.37500000e+02 1.80726665e-03
9.38964844e+02 1.80519342e-03
9.40429688e+02 1.80330440e-03
9.41894531e+02 1.80154976e-03
9.43359375e+02 1.79984013e-03
9.44824219e+02 1.79810809e-03
9.46289062e+02 1.79636160e-03
9.47753906e+02 1.79468190e-03
9.49218750e+02 1.79306576e-03
9.50683594e+02 1.79146379e-03
9.52148438e+02 1.78992304e-03
9.53613281e+02 1.78844499e-03
9.55078125e+02 1.78698677e-03
9.56542969e+02 1.78559772e-03
9.58007812e+02 1.78431069e-03
9.59472656e+02 1.78315925e-03
9.60937500e+02 1.78206544e-03
9.62402344e+02 1.78083930e-03
9.63867188e+02 1.77945723e-03
9.65332031e+02 1.77794802e-03
9.66796875e+02 1.77641565e-03
9.68261719e+02 1.77506189e-03
9.69726562e+02 1.77398269e-03
9.71191406e+02 1.77297050e-03
9.72656250e+02 1.77180812e-03
9.74121094e+02 1.77049050e-03
9.75585938e+02 1.76903359e-03
9.77050781e+02 1.76752470e-03
9.78515625e+02 1.76597240e-03
9.79980469e+02 1.76430814e-03
9.81445312e+02 1.76256854e-03
9.82910156e+02 1.76082904e-03
9.84375000e+02 1.75908855e-03
9.85839844e+02 1.75730875e-03
9.87304688e+02 1.75559992e-03
9.88769531e+02 1.75404819e-03
9.90234375e+02 1.75253750e-03
9.91699219e+02 1.75100747e-03
9.93164062e+02 1.74947058e-03
9.94628906e+02 1.74784171e-03
9.96093750e+02 1.74614100e-03
9.97558594e+02 1.74448180e-03
9.99023438e+02 1.74297327e-03
1.00048828e+03 1.74157791e-03
1.00195312e+03 1.74010076e-03
1.00341797e+03 1.73846647e-03
1.00488281e+03 1.73687362e-03
1.00634766e+03 1.73547612e-03
1.00781250e+03 1.73420897e-03
1.00927734e+03 1.73303136e-03
1.01074219e+03 1.73192799e-03
1.01220703e+03 1.73080576e-03
1.01367188e+03 1.72964521e-03
1.01513672e+03 1.72845191e-03
1.01660156e+03 1.72724079e-03
1.01806641e+03 1.72612984e-03
1.01953125e+03 1.72507525e-03
1.02099609e+03 1.72396053e-03
1.02246094e+03 1.72278854e-03
1.02392578e+03 1.72160313e-03
1.02539062e+03 1.72038763e-03
1.02685547e+03 1.71913155e-03
1.02832031e+03 1.71780192e-03
1.02978516e+03 1.71644204e-03
1.03125000e+03 1.71512375e-03
1.03271484e+03 1.71390574e-03
1.03417969e+03 1.71276494e-03
1.03564453e+03 1.71165484e-03
1.03710938e+03 1.71061500e-03
1.03857422e+03 1.70955955e-03
1.04003906e+03 1.70832966e-03
1.04150391e+03 1.70693481e-03
1.04296875e+03 1.70542538e-03
1.04443359e+03 1.70382374e-03
1.04589844e+03 1.70219430e-03
1.04736328e+03 1.70051024e-03
1.04882812e+03 1.69885090e-03
1.05029297e+03 1.69732110e-03
1.05175781e+03 1.69579730e-03
1.05322266e+03 1.69425295e-03
1.05468750e+03 1.69270644e-03
1.05615234e+03 1.69115114e-03
1.05761719e+03 1.68958254e-03
1.05908203e+03 1.68798027e-03
1.06054688e+03 1.68648332e-03
1.06201172e+03 1.68517685e-03
1.06347656e+03 1.68395020e-03
1.06494141e+03 1.68265684e-03
1.06640625e+03 1.68126746e-03
1.06787109e+03 1.67987603e-03
1.06933594e+03 1.67854014e-03
1.07080078e+03 1.67715818e-03
1.07226562e+03 1.67569161e-03
1.07373047e+03 1.67414569e-03
1.07519531e+03 1.67255001e-03
1.07666016e+03 1.67092580e-03
1.07812500e+03 1.66933482e-03
1.07958984e+03 1.66781304e-03
1.08105469e+03 1.66640251e-03
1.08251953e+03 1.66510617e-03
1.08398438e+03 1.66386783e-03
1.08544922e+03 1.66262919e-03
1.08691406e+03 1.66134373e-03
1.08837891e+03 1.65999786e-03
1.08984375e+03 1.65862908e-03
1.09130859e+03 1.65733561e-03
1.09277344e+03 1.65611257e-03
1.09423828e+03 1.65480118e-03
1.09570312e+03 1.65332587e-03
1.09716797e+03 1.65178426e-03
1.09863281e+03 1.65029137e-03
1.10009766e+03 1.64887682e-03
1.10156250e+03 1.64748013e-03
1.10302734e+03 1.64602916e-03
1.10449219e+03 1.64456164e-03
1.10595703e+03 1.64316796e-03
1.10742188e+03 1.64177749e-03
1.10888672e+03 1.64042741e-03
1.11035156e+03 1.63917459e-03
1.11181641e+03 1.63802930e-03
1.11328125e+03 1.63704570e-03
1.11474609e+03 1.63604343e-03
1.11621094e+03 1.63478918e-03
1.11767578e+03 1.63341826e-03
1.11914062e+03 1.63220311e-03
1.12060547e+03 1.63113738e-03
1.12207031e+03 1.63013516e-03
1.12353516e+03 1.62909685e-03
1.12500000e+03 1.62791517e-03
1.12646484e+03 1.62663621e-03
1.12792969e+03 1.62528973e-03
1.12939453e+03 1.62391254e-03
1.13085938e+03 1.62265645e-03
1.13232422e+03 1.62155640e-03
1.13378906e+03 1.62044130e-03
1.13525391e+03 1.61922377e-03
1.13671875e+03 1.61806965e-03
1.13818359e+03 1.61707470e-03
1.13964844e+03 1.61619662e-03
1.14111328e+03 1.61535350e-03
1.14257812e+03 1.61446711e-03
1.14404297e+03 1.61359913e-03
1.14550781e+03 1.61282700e-03
1.14697266e+03 1.61207488e-03
1.14843750e+03 1.61123578e-03
1.14990234e+03 1.61026485e-03
1.15136719e+03 1.60921727e-03
1.15283203e+03 1.60817880e-03
1.15429688e+03 1.60713126e-03
1.15576172e+03 1.60613121e-03
1.15722656e+03 1.60520454e-03
1.15869141e+03 1.60424665e-03
1.16015625e+03 1.60322869e-03
1.16162109e+03 1.60226672e-03
1.16308594e+03 1.60137452e-03
1.16455078e+03 1.60032127e-03
1.16601562e+03 1.59904385e-03
1.16748047e+03 1.59769782e-03
1.16894531e+03 1.59635621e-03
1.17041016e+03 1.59499276e-03
1.17187500e+03 1.59360153e-03
1.17333984e+03 1.59227166e-03
1.17480469e+03 1.59101394e-03
1.17626953e+03 1.58979220e-03
1.17773438e+03 1.58863849e-03
1.17919922e+03 1.58751765e-03
1.18066406e+03 1.58635978e-03
1.18212891e+03 1.58518099e-03
1.18359375e+03 1.58407306e-03
1.18505859e+03 1.58309222e-03
1.18652344e+03 1.58218386e-03
1.18798828e+03 1.58125327e-03
1.18945312e+03 1.58025084e-03
1.19091797e+03 1.57923567e-03
1.19238281e+03 1.57824680e-03
1.19384766e+03 1.57721584e-03
1.19531250e+03 1.57612948e-03
1.19677734e+03 1.57506064e-03
1.19824219e+03 1.57400396e-03
1.19970703e+03 1.57294973e-03
1.20117188e+03 1.57190963e-03
1.20263672e+03 1.57094426e-03
1.20410156e+03 1.57003785e-03
1.20556641e+03 1.56915884e-03
1.20703125e+03 1.56832157e-03
1.20849609e+03 1.56751203e-03
1.20996094e+03 1.56676716e-03
1.21142578e+03 1.56615495e-03
1.21289062e+03 1.56554702e-03
1.21435547e+03 1.56480025e-03
1.21582031e+03 1.56388288e-03
1.21728516e+03 1.56276343e-03
1.21875000e+03 1.56148982e-03
1.22021484e+03 1.56016007e-03
1.22167969e+03 1.55884293e-03
1.22314453e+03 1.55759923e-03
1.22460938e+03 1.55650816e-03
1.22607422e+03 1.55551705e-03
1.22753906e+03 1.55447474e-03
1.22900391e+03 1.55336075e-03
1.23046875e+03 1.55226885e-03
1.23193359e+03 1.55125549e-03
1.23339844e+03 1.55036338e-03
1.23486328e+03 1.54958966e-03
1.23632812e+03 1.54881744e-03
1.23779297e+03 1.54805347e-03
1.23925781e+03 1.54736618e-03
1.24072266e+03 1.54671561e-03
1.24218750e+03 1.54602096e-03
1.24365234e+03 1.54527251e-03
1.24511719e+03 1.54447470e-03
1.24658203e+03 1.54356901e-03
1.24804688e+03 1.54250068e-03
1.24951172e+03 1.54126721e-03
1.25097656e+03 1.53996958e-03
1.25244141e+03 1.53870802e-03
1.25390625e+03 1.53746151e-03
1.25537109e+03 1.53617035e-03
1.25683594e+03 1.53478705e-03
1.25830078e+03 1.53330971e-03
1.25976562e+03 1.53188182e-03
1.26123047e+03 1.53059637e-03
1.26269531e+03 1.52943035e-03
1.26416016e+03 1.52833628e-03
1.26562500e+03 1.52730464e-03
1.26708984e+03 1.52640358e-03
1.26855469e+03 1.52567489e-03
1.27001953e+03 1.52504547e-03
1.27148438e+03 1.52447302e-03
1.27294922e+03 1.52394305e-03
1.27441406e+03 1.52346457e-03
1.27587891e+03 1.52306885e-03
1.27734375e+03 1.52271177e-03
1.27880859e+03 1.52227494e-03
1.28027344e+03 1.52165991e-03
1.28173828e+03 1.52089043e-03
1.28320312e+03 1.52005229e-03
1.28466797e+03 1.51922708e-03
1.28613281e+03 1.51842719e-03
1.28759766e+03 1.51763681e-03
1.28906250e+03 1.51679911e-03
1.29052734e+03 1.51585142e-03
1.29199219e+03 1.51484154e-03
1.29345703e+03 1.51377626e-03
1.29492188e+03 1.51262954e-03
1.29638672e+03 1.51146754e-03
1.29785156e+03 1.51037988e-03
1.29931641e+03 1.50943939e-03
1.30078125e+03 1.50856189e-03
1.30224609e+03 1.50763036e-03
1.30371094e+03 1.50668034e-03
1.30517578e+03 1.50572889e-03
1.30664062e+03 1.50478990e-03
1.30810547e+03 1.50391603e-03
1.30957031e+03 1.50308153e-03
1.31103516e+03 1.50222029e-03
1.31250000e+03 1.50137657e-03
1.31396484e+03 1.50066205e-03
1.31542969e+03 1.50003127e-03
1.31689453e+03 1.49929650e-03
1.31835938e+03 1.49847125e-03
1.31982422e+03 1.49772151e-03
1.32128906e+03 1.49706085e-03
1.32275391e+03 1.49635052e-03
1.32421875e+03 1.49552211e-03
1.32568359e+03 1.49460437e-03
1.32714844e+03 1.49364678e-03
1.32861328e+03 1.49265369e-03
1.33007812e+03 1.49163163e-03
1.33154297e+03 1.49064121e-03
1.33300781e+03 1.48969229e-03
1.33447266e+03 1.48872351e-03
1.33593750e+03 1.48762154e-03
1.33740234e+03 1.48646390e-03
1.33886719e+03 1.48544579e-03
1.34033203e+03 1.48456432e-03
1.34179688e+03 1.48367972e-03
1.34326172e+03 1.48276615e-03
1.34472656e+03 1.48189507e-03
1.34619141e+03 1.48114144e-03
1.34765625e+03 1.48049686e-03
1.34912109e+03 1.47993112e-03
1.35058594e+03 1.47942219e-03
1.35205078e+03 1.47885957e-03
1.35351562e+03 1.47817780e-03
1.35498047e+03 1.47740325e-03
1.35644531e+03 1.47654272e-03
1.35791016e+03 1.47559516e-03
1.35937500e+03 1.47454537e-03
1.36083984e+03 1.47340760e-03
1.36230469e+03 1.47219335e-03
1.36376953e+03 1.47090951e-03
1.36523438e+03 1.46965592e-03
1.36669922e+03 1.46856706e-03
1.36816406e+03 1.46764741e-03
1.36962891e+03 1.46680216e-03
1.37109375e+03 1.46593730e-03
1.37255859e+03 1.46503850e-03
1.37402344e+03 1.46422423e-03
1.37548828e+03 1.46358359e-03
1.37695312e+03 1.46312117e-03
1.37841797e+03 1.46270465e-03
1.37988281e+03 1.46227855e-03
1.38134766e+03 1.46180633e-03
1.38281250e+03 1.46121935e-03
1.38427734e+03 1.46048372e-03
1.38574219e+03 1.45967105e-03
1.38720703e+03 1.45886804e-03
1.38867188e+03 1.45804459e-03
1.39013672e+03 1.45717922e-03
1.39160156e+03 1.45635195e-03
1.39306641e+03 1.45561927e-03
1.39453125e+03 1.45491697e-03
1.39599609e+03 1.45415404e-03
1.39746094e+03 1.45336363e-03
1.39892578e+03 1.45260646e-03
1.40039062e+03 1.45187502e-03
1.40185547e+03 1.45107141e-03
1.40332031e+03 1.45019764e-03
1.40478516e+03 1.44931807e-03
1.40625000e+03 1.44842027e-03
1.40771484e+03 1.44753119e-03
1.40917969e+03 1.44667743e-03
1.41064453e+03 1.44585641e-03
1.41210938e+03 1.44512227e-03
1.41357422e+03 1.44443746e-03
1.41503906e+03 1.44366737e-03
1.41650391e+03 1.44282797e-03
1.41796875e+03 1.44207894e-03
1.41943359e+03 1.44144315e-03
1.42089844e+03 1.44082084e-03
1.42236328e+03 1.44017274e-03
1.42382812e+03 1.43952251e-03
1.42529297e+03 1.43881853e-03
1.42675781e+03 1.43801495e-03
1.42822266e+03 1.43724608e-03
1.42968750e+03 1.43653006e-03
1.43115234e+03 1.43578049e-03
1.43261719e+03 1.43506020e-03
1.43408203e+03 1.43442917e-03
1.43554688e+03 1.43386823e-03
1.43701172e+03 1.43333774e-03
1.43847656e+03 1.43283166e-03
1.43994141e+03 1.43239195e-03
1.44140625e+03 1.43205583e-03
1.44287109e+03 1.43175304e-03
1.44433594e+03 1.43144554e-03
1.44580078e+03 1.43112102e-03
1.44726562e+03 1.43069442e-03
1.44873047e+03 1.43016047e-03
1.45019531e+03 1.42959091e-03
1.45166016e+03 1.42901184e-03
1.45312500e+03 1.42836531e-03
1.45458984e+03 1.42764380e-03
1.45605469e+03 1.42680890e-03
1.45751953e+03 1.42586929e-03
1.45898438e+03 1.42491477e-03
1.46044922e+03 1.42407527e-03
1.46191406e+03 1.42339142e-03
1.46337891e+03 1.42277624e-03
1.46484375e+03 1.42216514e-03
1.46630859e+03 1.42154394e-03
1.46777344e+03 1.42095463e-03
1.46923828e+03 1.42038446e-03
1.47070312e+03 1.41985457e-03
1.47216797e+03 1.41943151e-03
1.47363281e+03 1.41908889e-03
1.47509766e+03 1.41869411e-03
1.47656250e+03 1.41814004e-03
1.47802734e+03 1.41752399e-03
1.47949219e+03 1.41700820e-03
1.48095703e+03 1.41655332e-03
1.48242188e+03 1.41604480e-03
1.48388672e+03 1.41550199e-03
1.48535156e+03 1.41498334e-03
1.48681641e+03 1.41445687e-03
1.48828125e+03 1.41388223e-03
1.48974609e+03 1.41325536e-03
1.49121094e+03 1.41259961e-03
1.49267578e+03 1.41191693e-03
1.49414062e+03 1.41124980e-03
1.49560547e+03 1.41068764e-03
1.49707031e+03 1.41025889e-03
1.49853516e+03 1.40991030e-03
1.50000000e+03 1.40955129e-03
1.50146484e+03 1.40912031e-03
1.50292969e+03 1.40855332e-03
1.50439453e+03 1.40781029e-03
1.50585938e+03 1.40689768e-03
1.50732422e+03 1.40591199e-03
1.50878906e+03 1.40498436e-03
1.51025391e+03 1.40410196e-03
1.51171875e+03 1.40327842e-03
1.51318359e+03 1.40254860e-03
1.51464844e+03 1.40177388e-03
1.51611328e+03 1.40089547e-03
1.51757812e+03 1.39997992e-03
1.51904297e+03 1.39907975e-03
1.52050781e+03 1.39821117e-03
1.52197266e+03 1.39740781e-03
1.52343750e+03 1.39663905e-03
1.52490234e+03 1.39586292e-03
1.52636719e+03 1.39511689e-03
1.52783203e+03 1.39442356e-03
1.52929688e+03 1.39372018e-03
1.53076172e+03 1.39296877e-03
1.53222656e+03 1.39223186e-03
1.53369141e+03 1.39150802e-03
1.53515625e+03 1.39075372e-03
1.53662109e+03 1.38993416e-03
1.53808594e+03 1.38902607e-03
1.53955078e+03 1.38806057e-03
1.54101562e+03 1.38709463e-03
1.54248047e+03 1.38610153e-03
1.54394531e+03 1.38506962e-03
1.54541016e+03 1.38401453e-03
1.54687500e+03 1.38290016e-03
1.54833984e+03 1.38174737e-03
1.54980469e+03 1.38071978e-03
1.55126953e+03 1.37985449e-03
1.55273438e+03 1.37906984e-03
1.55419922e+03 1.37835579e-03
1.55566406e+03 1.37771337e-03
1.55712891e+03 1.37709624e-03
1.55859375e+03 1.37654264e-03
1.56005859e+03 1.37606696e-03
1.56152344e+03 1.37557516e-03
1.56298828e+03 1.37505913e-03
1.56445312e+03 1.37457283e-03
1.56591797e+03 1.37405910e-03
1.56738281e+03 1.37353062e-03
1.56884766e+03 1.37307203e-03
1.57031250e+03 1.37262993e-03
1.57177734e+03 1.37213682e-03
1.57324219e+03 1.37163047e-03
1.57470703e+03 1.37114191e-03
1.57617188e+03 1.37063938e-03
1.57763672e+03 1.37011638e-03
1.57910156e+03 1.36962241e-03
1.58056641e+03 1.36922854e-03
1.58203125e+03 1.36893416e-03
1.58349609e+03 1.36869747e-03
1.58496094e+03 1.36851588e-03
1.58642578e+03 1.36835221e-03
1.58789062e+03 1.36816098e-03
1.58935547e+03 1.36793337e-03
1.59082031e+03 1.36766296e-03
1.59228516e+03 1.36730603e-03
1.59375000e+03 1.36681846e-03
1.59521484e+03 1.36622491e-03
1.59667969e+03 1.36556745e-03
1.59814453e+03 1.36488147e-03
1.59960938e+03 1.36417908e-03
1.60107422e+03 1.36346648e-03
1.60253906e+03 1.36276939e-03
1.60400391e+03 1.36212317e-03
1.60546875e+03 1.36157551e-03
1.60693359e+03 1.36107918e-03
1.60839844e+03 1.36057589e-03
1.60986328e+03 1.36009162e-03
1.61132812e+03 1.35962701e-03
1.61279297e+03 1.35918716e-03
1.61425781e+03 1.35880128e-03
1.61572266e+03 1.35844842e-03
1.61718750e+03 1.35809064e-03
1.61865234e+03 1.35767128e-03
1.62011719e+03 1.35718794e-03
1.62158203e+03 1.35669591e-03
1.62304688e+03 1.35621033e-03
1.62451172e+03 1.35566230e-03
1.62597656e+03 1.35500481e-03
1.62744141e+03 1.35430073e-03
1.62890625e+03 1.35361202e-03
1.63037109e+03 1.35292461e-03
1.63183594e+03 1.35223030e-03
1.63330078e+03 1.35155028e-03
1.63476562e+03 1.35089665e-03
1.63623047e+03 1.35031099e-03
1.63769531e+03 1.34977380e-03
1.63916016e+03 1.34921451e-03
1.64062500e+03 1.34862351e-03
1.64208984e+03 1.34803102e-03
1.64355469e+03 1.34743232e-03
1.64501953e+03 1.34684350e-03
1.64648438e+03 1.34626076e-03
1.64794922e+03 1.34565746e-03
1.64941406e+03 1.34501363e-03
1.65087891e+03 1.34429764e-03
1.65234375e+03 1.34357846e-03
1.65380859e+03 1.34288749e-03
1.65527344e+03 1.34220759e-03
1.65673828e+03 1.34150143e-03
1.65820312e+03 1.34072048e-03
1.65966797e+03 1.33986799e-03
1.66113281e+03 1.33899638e-03
1.66259766e+03 1.33814644e-03
1.66406250e+03 1.33733212e-03
1.66552734e+03 1.33652071e-03
1.66699219e+03 1.33570721e-03
1.66845703e+03 1.33488788e-03
1.66992188e+03 1.33408048e-03
1.67138672e+03 1.33330637e-03
1.67285156e+03 1.33258147e-03
1.67431641e+03 1.33192757e-03
1.67578125e+03 1.33133198e-03
1.67724609e+03 1.33076337e-03
1.67871094e+03 1.33019479e-03
1.68017578e+03 1.32962969e-03
1.68164062e+03 1.32908456e-03
1.68310547e+03 1.32854281e-03
1.68457031e+03 1.32801297e-03
1.68603516e+03 1.32747542e-03
1.68750000e+03 1.32690621e-03
1.68896484e+03 1.32633732e-03
1.69042969e+03 1.32580904e-03
1.69189453e+03 1.32533787e-03
1.69335938e+03 1.32489157e-03
1.69482422e+03 1.32441094e-03
1.69628906e+03 1.32389657e-03
1.69775391e+03 1.32339454e-03
1.69921875e+03 1.32296724e-03
1.70068359e+03 1.32257990e-03
1.70214844e+03 1.32218118e-03
1.70361328e+03 1.32176896e-03
1.70507812e+03 1.32133972e-03
1.70654297e+03 1.32086425e-03
1.70800781e+03 1.32036584e-03
1.70947266e+03 1.31987240e-03
1.71093750e+03 1.31936796e-03
1.71240234e+03 1.31889095e-03
1.71386719e+03 1.31843225e-03
1.71533203e+03 1.31793575e-03
1.71679688e+03 1.31744998e-03
1.71826172e+03 1.31704688e-03
1.71972656e+03 1.31668238e-03
1.72119141e+03 1.31627488e-03
1.72265625e+03 1.31580210e-03
1.72412109e+03 1.31529770e-03
1.72558594e+03 1.31480207e-03
1.72705078e+03 1.31425335e-03
1.72851562e+03 1.31365231e-03
1.72998047e+03 1.31302194e-03
1.73144531e+03 1.31229892e-03
1.73291016e+03 1.31150433e-03
1.73437500e+03 1.31068754e-03
1.73583984e+03 1.30986539e-03
1.73730469e+03 1.30910769e-03
1.73876953e+03 1.30837963e-03
1.74023438e+03 1.30757467e-03
1.74169922e+03 1.30671370e-03
1.74316406e+03 1.30586541e-03
1.74462891e+03 1.30508052e-03
1.74609375e+03 1.30439302e-03
1.74755859e+03 1.30373519e-03
1.74902344e+03 1.30302595e-03
1.75048828e+03 1.30234024e-03
1.75195312e+03 1.30176594e-03
1.75341797e+03 1.30127166e-03
1.75488281e+03 1.30080933e-03
1.75634766e+03 1.30038509e-03
1.75781250e+03 1.29995799e-03
1.75927734e+03 1.29949884e-03
1.76074219e+03 1.29900312e-03
1.76220703e+03 1.29847759e-03
1.76367188e+03 1.29794276e-03
1.76513672e+03 1.29742353e-03
1.76660156e+03 1.29693892e-03
1.76806641e+03 1.29645426e-03
1.76953125e+03 1.29597928e-03
1.77099609e+03 1.29551478e-03
1.77246094e+03 1.29503726e-03
1.77392578e+03 1.29457214e-03
1.77539062e+03 1.29414901e-03
1.77685547e+03 1.29372027e-03
1.77832031e+03 1.29321501e-03
1.77978516e+03 1.29270793e-03
1.78125000e+03 1.29229462e-03
1.78271484e+03 1.29195190e-03
1.78417969e+03 1.29162831e-03
1.78564453e+03 1.29127672e-03
1.78710938e+03 1.29087305e-03
1.78857422e+03 1.29045705e-03
1.79003906e+03 1.29002081e-03
1.79150391e+03 1.28953048e-03
1.79296875e+03 1.28899702e-03
1.79443359e+03 1.28844783e-03
1.79589844e+03 1.28789435e-03
1.79736328e+03 1.28732012e-03
1.79882812e+03 1.28671972e-03
1.80029297e+03 1.28614418e-03
1.80175781e+03 1.28564227e-03
1.80322266e+03 1.28511895e-03
1.80468750e+03 1.28452611e-03
1.80615234e+03 1.28388211e-03
1.80761719e+03 1.28322161e-03
1.80908203e+03 1.28257060e-03
1.81054688e+03 1.28195399e-03
1.81201172e+03 1.28138566e-03
1.81347656e+03 1.28084455e-03
1.81494141e+03 1.28033585e-03
1.81640625e+03 1.27987867e-03
1.81787109e+03 1.27942347e-03
1.81933594e+03 1.27892068e-03
1.82080078e+03 1.27837296e-03
1.82226562e+03 1.27789342e-03
1.82373047e+03 1.27754102e-03
1.82519531e+03 1.27721755e-03
1.82666016e+03 1.27685439e-03
1.82812500e+03 1.27648490e-03
1.82958984e+03 1.27614217e-03
1.83105469e+03 1.27578638e-03
1.83251953e+03 1.27543588e-03
1.83398438e+03 1.27513676e-03
1.83544922e+03 1.27485612e-03
1.83691406e+03 1.27460960e-03
1.83837891e+03 1.27440799e-03
1.83984375e+03 1.27418495e-03
1.84130859e+03 1.27392630e-03
1.84277344e+03 1.27364424e-03
1.84423828e+03 1.27334009e-03
1.84570312e+03 1.27307709e-03
1.84716797e+03 1.27280294e-03
1.84863281e+03 1.27240615e-03
1.85009766e+03 1.27190447e-03
1.85156250e+03 1.27136183e-03
1.85302734e+03 1.27083453e-03
1.85449219e+03 1.27039249e-03
1.85595703e+03 1.26997966e-03
1.85742188e+03 1.26955438e-03
1.85888672e+03 1.26910974e-03
1.86035156e+03 1.26860663e-03
1.86181641e+03 1.26808533e-03
1.86328125e+03 1.26761980e-03
1.86474609e+03 1.26722037e-03
1.86621094e+03 1.26688669e-03
1.86767578e+03 1.26665365e-03
1.86914062e+03 1.26645843e-03
1.87060547e+03 1.26623583e-03
1.87207031e+03 1.26598439e-03
1.87353516e+03 1.26567204e-03
1.87500000e+03 1.26530350e-03
1.87646484e+03 1.26490770e-03
1.87792969e+03 1.26451998e-03
1.87939453e+03 1.26414733e-03
1.88085938e+03 1.26376778e-03
1.88232422e+03 1.26338304e-03
1.88378906e+03 1.26298409e-03
1.88525391e+03 1.26253186e-03
1.88671875e+03 1.26198981e-03
1.88818359e+03 1.26144023e-03
1.88964844e+03 1.26093396e-03
1.89111328e+03 1.26041235e-03
1.89257812e+03 1.25986059e-03
1.89404297e+03 1.25931893e-03
1.89550781e+03 1.25877460e-03
1.89697266e+03 1.25824554e-03
1.89843750e+03 1.25781972e-03
1.89990234e+03 1.25751705e-03
1.90136719e+03 1.25728687e-03
1.90283203e+03 1.25706780e-03
1.90429688e+03 1.25689407e-03
1.90576172e+03 1.25678385e-03
1.90722656e+03 1.25668393e-03
1.90869141e+03 1.25655714e-03
1.91015625e+03 1.25642147e-03
1.91162109e+03 1.25630084e-03
1.91308594e+03 1.25615996e-03
1.91455078e+03 1.25595610e-03
1.91601562e+03 1.25569459e-03
1.91748047e+03 1.25540143e-03
1.91894531e+03 1.25505346e-03
1.92041016e+03 1.25462002e-03
1.92187500e+03 1.25410867e-03
1.92333984e+03 1.25350334e-03
1.92480469e+03 1.25282661e-03
1.92626953e+03 1.25215709e-03
1.92773438e+03 1.25147915e-03
1.92919922e+03 1.25077409e-03
1.93066406e+03 1.25005687e-03
1.93212891e+03 1.24933144e-03
1.93359375e+03 1.24859986e-03
1.93505859e+03 1.24785658e-03
1.93652344e+03 1.24709594e-03
1.93798828e+03 1.24634603e-03
1.93945312e+03 1.24563948e-03
1.94091797e+03 1.24495414e-03
1.94238281e+03 1.24428560e-03
1.94384766e+03 1.24370190e-03
1.94531250e+03 1.24324004e-03
1.94677734e+03 1.24291701e-03
1.94824219e+03 1.24273337e-03
1.94970703e+03 1.24257556e-03
1.95117188e+03 1.24234201e-03
1.95263672e+03 1.24206273e-03
1.95410156e+03 1.24176953e-03
1.95556641e+03 1.24146664e-03
1.95703125e+03 1.24115189e-03
1.95849609e+03 1.24081552e-03
1.95996094e+03 1.24047802e-03
1.96142578e+03 1.24013108e-03
1.96289062e+03 1.23975472e-03
1.96435547e+03 1.23936992e-03
1.96582031e+03 1.23900568e-03
1.96728516e+03 1.23869794e-03
1.96875000e+03 1.23846130e-03
1.97021484e+03 1.23827148e-03
1.97167969e+03 1.23808167e-03
1.97314453e+03 1.23786918e-03
1.97460938e+03 1.23761052e-03
1.97607422e+03 1.23733259e-03
1.97753906e+03 1.23707272e-03
1.97900391e+03 1.23679624e-03
1.98046875e+03 1.23648682e-03
1.98193359e+03 1.23611596e-03
1.98339844e+03 1.23567845e-03
1.98486328e+03 1.23520282e-03
1.98632812e+03 1.23469166e-03
1.98779297e+03 1.23418609e-03
1.98925781e+03 1.23370954e-03
1.99072266e+03 1.23329722e-03
1.99218750e+03 1.23296084e-03
1.99365234e+03 1.23266410e-03
1.99511719e+03 1.23239840e-03
1.99658203e+03 1.23217024e-03
1.99804688e+03 1.23196717e-03
1.99951172e+03 1.23178576e-03
2.00097656e+03 1.23160127e-03
2.00244141e+03 1.23133015e-03
2.00390625e+03 1.23093561e-03
2.00537109e+03 1.23043797e-03
2.00683594e+03 1.22986137e-03
2.00830078e+03 1.22924002e-03
2.00976562e+03 1.22860851e-03
2.01123047e+03 1.22800357e-03
2.01269531e+03 1.22747930e-03
2.01416016e+03 1.22704324e-03
2.01562500e+03 1.22664158e-03
2.01708984e+03 1.22628111e-03
2.01855469e+03 1.22599842e-03
2.02001953e+03 1.22576288e-03
2.02148438e+03 1.22546568e-03
2.02294922e+03 1.22504149e-03
2.02441406e+03 1.22455328e-03
2.02587891e+03 1.22410631e-03
2.02734375e+03 1.22376601e-03
2.02880859e+03 1.22352184e-03
2.03027344e+03 1.22333056e-03
2.03173828e+03 1.22318260e-03
2.03320312e+03 1.22302951e-03
2.03466797e+03 1.22280153e-03
2.03613281e+03 1.22246715e-03
2.03759766e+03 1.22203939e-03
2.03906250e+03 1.22157933e-03
2.04052734e+03 1.22107758e-03
2.04199219e+03 1.22052310e-03
2.04345703e+03 1.21999955e-03
2.04492188e+03 1.21949201e-03
2.04638672e+03 1.21893386e-03
2.04785156e+03 1.21833422e-03
2.04931641e+03 1.21773006e-03
2.05078125e+03 1.21717633e-03
2.05224609e+03 1.21673436e-03
2.05371094e+03 1.21639987e-03
2.05517578e+03 1.21612212e-03
2.05664062e+03 1.21583804e-03
2.05810547e+03 1.21553147e-03
2.05957031e+03 1.21522281e-03
2.06103516e+03 1.21495660e-03
2.06250000e+03 1.21477789e-03
2.06396484e+03 1.21463688e-03
2.06542969e+03 1.21450140e-03
2.06689453e+03 1.21438545e-03
2.06835938e+03 1.21428415e-03
2.06982422e+03 1.21415581e-03
2.07128906e+03 1.21394557e-03
2.07275391e+03 1.21362993e-03
2.07421875e+03 1.21326369e-03
2.07568359e+03 1.21293242e-03
2.07714844e+03 1.21268096e-03
2.07861328e+03 1.21250795e-03
2.08007812e+03 1.21235558e-03
2.08154297e+03 1.21217998e-03
2.08300781e+03 1.21196224e-03
2.08447266e+03 1.21168033e-03
2.08593750e+03 1.21136126e-03
2.08740234e+03 1.21108453e-03
2.08886719e+03 1.21091072e-03
2.09033203e+03 1.21080620e-03
2.09179688e+03 1.21069146e-03
2.09326172e+03 1.21050591e-03
2.09472656e+03 1.21024518e-03
2.09619141e+03 1.20993637e-03
2.09765625e+03 1.20957402e-03
2.09912109e+03 1.20915226e-03
2.10058594e+03 1.20869382e-03
2.10205078e+03 1.20816631e-03
2.10351562e+03 1.20760371e-03
2.10498047e+03 1.20708307e-03
2.10644531e+03 1.20665412e-03
2.10791016e+03 1.20634592e-03
2.10937500e+03 1.20610976e-03
2.11083984e+03 1.20592605e-03
2.11230469e+03 1.20575251e-03
2.11376953e+03 1.20553990e-03
2.11523438e+03 1.20528852e-03
2.11669922e+03 1.20501501e-03
2.11816406e+03 1.20470182e-03
2.11962891e+03 1.20432237e-03
2.12109375e+03 1.20392580e-03
2.12255859e+03 1.20350574e-03
2.12402344e+03 1.20303557e-03
2.12548828e+03 1.20254316e-03
2.12695312e+03 1.20206720e-03
2.12841797e+03 1.20159705e-03
2.12988281e+03 1.20115098e-03
2.13134766e+03 1.20080616e-03
2.13281250e+03 1.20050361e-03
2.13427734e+03 1.20015097e-03
2.13574219e+03 1.19978307e-03
2.13720703e+03 1.19944631e-03
2.13867188e+03 1.19916779e-03
2.14013672e+03 1.19893279e-03
2.14160156e+03 1.19870479e-03
2.14306641e+03 1.19846781e-03
2.14453125e+03 1.19827352e-03
2.14599609e+03 1.19816036e-03
2.14746094e+03 1.19807936e-03
2.14892578e+03 1.19797376e-03
2.15039062e+03 1.19784890e-03
2.15185547e+03 1.19772305e-03
2.15332031e+03 1.19756784e-03
2.15478516e+03 1.19733171e-03
2.15625000e+03 1.19701610e-03
2.15771484e+03 1.19665681e-03
2.15917969e+03 1.19628256e-03
2.16064453e+03 1.19588436e-03
2.16210938e+03 1.19545283e-03
2.16357422e+03 1.19501124e-03
2.16503906e+03 1.19460840e-03
2.16650391e+03 1.19424562e-03
2.16796875e+03 1.19387280e-03
2.16943359e+03 1.19345526e-03
2.17089844e+03 1.19300968e-03
2.17236328e+03 1.19257844e-03
2.17382812e+03 1.19217746e-03
2.17529297e+03 1.19182160e-03
2.17675781e+03 1.19155042e-03
2.17822266e+03 1.19131140e-03
2.17968750e+03 1.19109122e-03
2.18115234e+03 1.19096040e-03
2.18261719e+03 1.19091327e-03
2.18408203e+03 1.19090137e-03
2.18554688e+03 1.19088903e-03
2.18701172e+03 1.19085853e-03
2.18847656e+03 1.19079238e-03
2.18994141e+03 1.19064759e-03
2.19140625e+03 1.19041312e-03
2.19287109e+03 1.19014713e-03
2.19433594e+03 1.18987343e-03
2.19580078e+03 1.18957385e-03
2.19726562e+03 1.18923372e-03
2.19873047e+03 1.18884551e-03
2.20019531e+03 1.18842785e-03
2.20166016e+03 1.18801430e-03
2.20312500e+03 1.18761635e-03
2.20458984e+03 1.18720856e-03
2.20605469e+03 1.18679048e-03
2.20751953e+03 1.18638676e-03
2.20898438e+03 1.18599824e-03
2.21044922e+03 1.18562349e-03
2.21191406e+03 1.18527685e-03
2.21337891e+03 1.18498714e-03
2.21484375e+03 1.18473851e-03
2.21630859e+03 1.18446823e-03
2.21777344e+03 1.18415233e-03
2.21923828e+03 1.18379231e-03
2.22070312e+03 1.18339504e-03
2.22216797e+03 1.18298525e-03
2.22363281e+03 1.18259565e-03
2.22509766e+03 1.18227138e-03
2.22656250e+03 1.18203654e-03
2.22802734e+03 1.18184536e-03
2.22949219e+03 1.18165988e-03
2.23095703e+03 1.18145678e-03
2.23242188e+03 1.18120068e-03
2.23388672e+03 1.18092470e-03
2.23535156e+03 1.18067919e-03
2.23681641e+03 1.18045872e-03
2.23828125e+03 1.18023030e-03
2.23974609e+03 1.17997216e-03
2.24121094e+03 1.17969275e-03
2.24267578e+03 1.17939729e-03
2.24414062e+03 1.17909322e-03
2.24560547e+03 1.17883090e-03
2.24707031e+03 1.17863107e-03
2.24853516e+03 1.17844887e-03
2.25000000e+03 1.17824097e-03
2.25146484e+03 1.17804240e-03
2.25292969e+03 1.17786257e-03
2.25439453e+03 1.17765455e-03
2.25585938e+03 1.17746820e-03
2.25732422e+03 1.17733517e-03
2.25878906e+03 1.17719456e-03
2.26025391e+03 1.17704588e-03
2.26171875e+03 1.17694703e-03
2.26318359e+03 1.17688812e-03
2.26464844e+03 1.17681961e-03
2.26611328e+03 1.17674646e-03
2.26757812e+03 1.17667932e-03
2.26904297e+03 1.17660630e-03
2.27050781e+03 1.17649937e-03
2.27197266e+03 1.17632490e-03
2.27343750e+03 1.17608687e-03
2.27490234e+03 1.17582531e-03
2.27636719e+03 1.17558113e-03
2.27783203e+03 1.17533258e-03
2.27929688e+03 1.17505665e-03
2.28076172e+03 1.17474862e-03
2.28222656e+03 1.17443664e-03
2.28369141e+03 1.17414196e-03
2.28515625e+03 1.17385630e-03
2.28662109e+03 1.17362166e-03
2.28808594e+03 1.17347743e-03
2.28955078e+03 1.17337554e-03
2.29101562e+03 1.17325438e-03
2.29248047e+03 1.17309443e-03
2.29394531e+03 1.17288371e-03
2.29541016e+03 1.17267393e-03
2.29687500e+03 1.17249498e-03
2.29833984e+03 1.17236181e-03
2.29980469e+03 1.17231981e-03
2.30126953e+03 1.17236509e-03
2.30273438e+03 1.17240257e-03
2.30419922e+03 1.17236697e-03
2.30566406e+03 1.17230529e-03
2.30712891e+03 1.17227617e-03
2.30859375e+03 1.17226426e-03
2.31005859e+03 1.17222734e-03
2.31152344e+03 1.17215891e-03
2.31298828e+03 1.17209918e-03
2.31445312e+03 1.17209208e-03
2.31591797e+03 1.17213499e-03
2.31738281e+03 1.17219695e-03
2.31884766e+03 1.17226166e-03
2.32031250e+03 1.17232566e-03
2.32177734e+03 1.17238402e-03
2.32324219e+03 1.17242316e-03
2.32470703e+03 1.17240905e-03
2.32617188e+03 1.17236008e-03
2.32763672e+03 1.17234299e-03
2.32910156e+03 1.17241507e-03
2.33056641e+03 1.17258229e-03
2.33203125e+03 1.17282260e-03
2.33349609e+03 1.17309507e-03
2.33496094e+03 1.17335362e-03
2.33642578e+03 1.17354350e-03
2.33789062e+03 1.17363603e-03
2.33935547e+03 1.17366531e-03
2.34082031e+03 1.17369304e-03
2.34228516e+03 1.17372649e-03
2.34375000e+03 1.17375755e-03
2.34521484e+03 1.17381016e-03
2.34667969e+03 1.17386731e-03
2.34814453e+03 1.17389975e-03
2.34960938e+03 1.17390722e-03
2.35107422e+03 1.17393524e-03
2.35253906e+03 1.17401609e-03
2.35400391e+03 1.17411227e-03
2.35546875e+03 1.17416814e-03
2.35693359e+03 1.17417711e-03
2.35839844e+03 1.17419325e-03
2.35986328e+03 1.17425106e-03
2.36132812e+03 1.17433845e-03
2.36279297e+03 1.17447563e-03
2.36425781e+03 1.17469181e-03
2.36572266e+03 1.17495943e-03
2.36718750e+03 1.17523632e-03
2.36865234e+03 1.17549010e-03
2.37011719e+03 1.17572379e-03
2.37158203e+03 1.17597589e-03
2.37304688e+03 1.17628110e-03
2.37451172e+03 1.17667780e-03
2.37597656e+03 1.17712586e-03
2.37744141e+03 1.17758048e-03
2.37890625e+03 1.17807002e-03
2.38037109e+03 1.17857553e-03
2.38183594e+03 1.17904450e-03
2.38330078e+03 1.17947812e-03
2.38476562e+03 1.17990668e-03
2.38623047e+03 1.18035921e-03
2.38769531e+03 1.18085826e-03
2.38916016e+03 1.18136303e-03
2.39062500e+03 1.18183985e-03
2.39208984e+03 1.18233307e-03
2.39355469e+03 1.18288047e-03
2.39501953e+03 1.18346783e-03
2.39648438e+03 1.18403754e-03
2.39794922e+03 1.18455538e-03
2.39941406e+03 1.18504033e-03
2.40087891e+03 1.18551138e-03
2.40234375e+03 1.18597469e-03
2.40380859e+03 1.18642373e-03
2.40527344e+03 1.18687003e-03
2.40673828e+03 1.18735923e-03
2.40820312e+03 1.18791114e-03
2.40966797e+03 1.18849560e-03
2.41113281e+03 1.18907858e-03
2.41259766e+03 1.18968626e-03
2.41406250e+03 1.19037970e-03
2.41552734e+03 1.19113745e-03
2.41699219e+03 1.19191548e-03
2.41845703e+03 1.19268877e-03
2.41992188e+03 1.19341357e-03
2.42138672e+03 1.19405761e-03
2.42285156e+03 1.19463995e-03
2.42431641e+03 1.19519120e-03
2.42578125e+03 1.19571614e-03
2.42724609e+03 1.19621546e-03
2.42871094e+03 1.19667060e-03
2.43017578e+03 1.19708350e-03
2.43164062e+03 1.19744374e-03
2.43310547e+03 1.19773972e-03
2.43457031e+03 1.19800605e-03
2.43603516e+03 1.19827082e-03
2.43750000e+03 1.19855598e-03
2.43896484e+03 1.19888747e-03
2.44042969e+03 1.19927462e-03
2.44189453e+03 1.19975344e-03
2.44335938e+03 1.20033496e-03
2.44482422e+03 1.20099893e-03
2.44628906e+03 1.20174003e-03
2.44775391e+03 1.20250375e-03
2.44921875e+03 1.20323326e-03
2.45068359e+03 1.20390951e-03
2.45214844e+03 1.20454131e-03
2.45361328e+03 1.20515789e-03
2.45507812e+03 1.20577577e-03
2.45654297e+03 1.20642172e-03
2.45800781e+03 1.20716598e-03
2.45947266e+03 1.20801385e-03
2.46093750e+03 1.20889410e-03
2.46240234e+03 1.20977678e-03
2.46386719e+03 1.21065329e-03
2.46533203e+03 1.21152464e-03
2.46679688e+03 1.21241609e-03
2.46826172e+03 1.21335763e-03
2.46972656e+03 1.21434227e-03
2.47119141e+03 1.21536210e-03
2.47265625e+03 1.21645455e-03
2.47412109e+03 1.21761685e-03
2.47558594e+03 1.21880301e-03
2.47705078e+03 1.21997580e-03
2.47851562e+03 1.22113040e-03
2.47998047e+03 1.22225655e-03
2.48144531e+03 1.22334817e-03
2.48291016e+03 1.22442980e-03
2.48437500e+03 1.22553367e-03
2.48583984e+03 1.22665922e-03
2.48730469e+03 1.22781842e-03
2.48876953e+03 1.22904557e-03
2.49023438e+03 1.23033380e-03
2.49169922e+03 1.23168153e-03
2.49316406e+03 1.23308742e-03
2.49462891e+03 1.23452397e-03
2.49609375e+03 1.23596312e-03
2.49755859e+03 1.23739367e-03
2.49902344e+03 1.23882182e-03
