2.115025000000e+02 5.190237981818e-03 
2.345075000000e+02 4.826992381818e-03 
2.575125000000e+02 4.705554836364e-03 
2.805175000000e+02 4.582104872727e-03 
3.035225000000e+02 4.460668654545e-03 
3.265275100000e+02 4.329022072727e-03 
3.495325100000e+02 4.212498254545e-03 
3.725375100000e+02 4.066742581818e-03 
3.955425100000e+02 3.925623381818e-03 
4.185475100000e+02 3.778267854545e-03 
4.415525100000e+02 3.649988036364e-03 
4.645575100000e+02 3.503931800000e-03 
4.875625100000e+02 3.360692163636e-03 
5.105675100000e+02 3.230570272727e-03 
5.335725200000e+02 3.108134690909e-03 
5.565775200000e+02 2.996914927273e-03 
5.795825200000e+02 2.900686945455e-03 
6.025875200000e+02 2.822091145455e-03 
6.255925200000e+02 2.742146436364e-03 
6.485975200000e+02 2.680493563636e-03 
6.716025200000e+02 2.621160272727e-03 
6.946075200000e+02 2.560737363636e-03 
7.176125200000e+02 2.507266745455e-03 
7.406175300000e+02 2.448375727273e-03 
7.636225300000e+02 2.388848000000e-03 
7.866275300000e+02 2.338977800000e-03 
8.096325300000e+02 2.294454163636e-03 
8.326375300000e+02 2.251835836364e-03 
8.556425300000e+02 2.210823236364e-03 
8.786475300000e+02 2.171241181818e-03 
9.016525300000e+02 2.131141454545e-03 
9.246575300000e+02 2.103898090909e-03 
9.476625400000e+02 2.067163090909e-03 
9.706675400000e+02 2.037024545455e-03 
9.936725400000e+02 2.010444643636e-03 
1.016677500000e+03 1.978452518182e-03 
1.039682500000e+03 1.942740714545e-03 
1.062687500000e+03 1.912758025455e-03 
1.085692500000e+03 1.877318610909e-03 
1.108697500000e+03 1.848346930909e-03 
1.131702500000e+03 1.834824261818e-03 
1.154707500000e+03 1.829249732727e-03 
1.177712500000e+03 1.807326772727e-03 
1.200717500000e+03 1.787492821818e-03 
1.223722500000e+03 1.764230692727e-03 
1.246727500000e+03 1.742264221818e-03 
1.269732600000e+03 1.728089330909e-03 
1.292737600000e+03 1.709194663636e-03 
1.315742600000e+03 1.689034812727e-03 
1.338747600000e+03 1.671411089091e-03 
1.361502500000e+03 1.655825763636e-03 
1.384257400000e+03 1.647629409091e-03 
1.407262400000e+03 1.629496238182e-03 
1.430267400000e+03 1.616529383636e-03 
1.453272500000e+03 1.602038640000e-03 
1.476277500000e+03 1.579257254545e-03 
1.499282500000e+03 1.557596512727e-03 
1.522287500000e+03 1.537911114545e-03 
1.545292500000e+03 1.521404629091e-03 
1.568297500000e+03 1.515402292727e-03 
1.591302500000e+03 1.506313061818e-03 
1.614307500000e+03 1.498342670909e-03 
1.637312500000e+03 1.474551676364e-03 
1.660317500000e+03 1.447095981818e-03 
1.683322500000e+03 1.431011941818e-03 
1.706327500000e+03 1.408469229091e-03 
1.729332500000e+03 1.397687994545e-03 
1.752337500000e+03 1.389262189091e-03 
1.775342500000e+03 1.381605878182e-03 
1.798347500000e+03 1.370859538182e-03 
1.821352500000e+03 1.353942698182e-03 
1.844357500000e+03 1.341792561818e-03 
1.867362500000e+03 1.332586414545e-03 
1.890367500000e+03 1.314696814545e-03 
1.913372500000e+03 1.301286540000e-03 
1.936377500000e+03 1.285120887273e-03 
1.959382500000e+03 1.259032541818e-03 
1.982387500000e+03 1.238827954545e-03 
2.005392500000e+03 1.229339909091e-03 
2.028397500000e+03 1.225435278182e-03 
2.051402500000e+03 1.221062178182e-03 
2.074407500000e+03 1.208584754545e-03 
2.097412500000e+03 1.190937372727e-03 
2.120417500000e+03 1.178472067273e-03 
2.143422500000e+03 1.157199530909e-03 
2.166427500000e+03 1.143063296364e-03 
2.189432500000e+03 1.131834412727e-03 
2.212437500000e+03 1.117859690909e-03 
2.235442500000e+03 1.097852927273e-03 
2.258447500000e+03 1.088051423636e-03 
2.281452500000e+03 1.080472801818e-03 
2.304457500000e+03 1.070726640000e-03 
2.327462500000e+03 1.058959270909e-03 
2.350467500000e+03 1.045545496364e-03 
2.373472500000e+03 1.021213492727e-03 
2.396477500000e+03 9.962130945455e-04 
2.419482500000e+03 9.607183709091e-04 
2.442487500000e+03 9.000622363636e-04 
2.465492500000e+03 7.890774781818e-04 
2.488497500000e+03 3.702782036364e-04 
