  2.115481200000e+02   6.142966920398e-03
  2.346443500000e+02   4.813692132338e-03
  2.577405900000e+02   4.539722860697e-03
  2.808368200000e+02   4.381857134328e-03
  3.036924700000e+02   4.228875583085e-03
  3.265481200000e+02   4.055141099502e-03
  3.496443500000e+02   3.864693008955e-03
  3.727405900000e+02   3.648057390050e-03
  3.958368200000e+02   3.430381133333e-03
  4.186924700000e+02   3.230989532338e-03
  4.415481200000e+02   3.025718849751e-03
  4.646443500000e+02   2.852568023881e-03
  4.877405900000e+02   2.682195291542e-03
  5.108368200000e+02   2.548603257711e-03
  5.336924700000e+02   2.432894276617e-03
  5.565481200000e+02   2.325497161194e-03
  5.796443500000e+02   2.232169704478e-03
  6.027405900000e+02   2.143686805970e-03
  6.258368200000e+02   2.080894000000e-03
  6.486924700000e+02   2.011487221891e-03
  6.715481200000e+02   1.944899099602e-03
  6.946443500000e+02   1.896267339900e-03
  7.177405900000e+02   1.850695492537e-03
  7.405962300000e+02   1.801104513134e-03
  7.634518800000e+02   1.755884753532e-03
  7.865481200000e+02   1.712011369552e-03
  8.096443500000e+02   1.685028875821e-03
  8.327405900000e+02   1.653921161990e-03
  8.555962300000e+02   1.639995476318e-03
  8.784518800000e+02   1.618908572139e-03
  9.015481200000e+02   1.605330491642e-03
  9.246443500000e+02   1.576661621990e-03
  9.477405900000e+02   1.539348816716e-03
  9.705962300000e+02   1.504484398308e-03
  9.934518800000e+02   1.487348438209e-03
  1.016548100000e+03   1.468242498209e-03
  1.039644400000e+03   1.456500363383e-03
  1.062740600000e+03   1.436543543085e-03
  1.085596200000e+03   1.420093933731e-03
  1.108451900000e+03   1.415732436418e-03
  1.131548100000e+03   1.402559433532e-03
  1.154644400000e+03   1.383903172040e-03
  1.177500000000e+03   1.368006070348e-03
  1.200355600000e+03   1.357218127264e-03
  1.223451900000e+03   1.344874024378e-03
  1.246548100000e+03   1.324831730547e-03
  1.269644400000e+03   1.314768400697e-03
  1.292500000000e+03   1.316511966169e-03
  1.315355600000e+03   1.321355690249e-03
  1.338451900000e+03   1.306534826866e-03
  1.361548100000e+03   1.294086940398e-03
  1.384644400000e+03   1.281584403284e-03
  1.407500000000e+03   1.260159806965e-03
  1.430355600000e+03   1.242867481493e-03
  1.453451900000e+03   1.236403826766e-03
  1.476548100000e+03   1.229641748060e-03
  1.499644400000e+03   1.218375260597e-03
  1.522500000000e+03   1.212939203781e-03
  1.545355600000e+03   1.219766929851e-03
  1.568451900000e+03   1.212606580000e-03
  1.591548100000e+03   1.192354003582e-03
  1.614403800000e+03   1.175890974428e-03
  1.637259400000e+03   1.158702538706e-03
  1.660355600000e+03   1.152680134726e-03
  1.683451900000e+03   1.146350647463e-03
  1.706548100000e+03   1.135444971542e-03
  1.729403800000e+03   1.123221459403e-03
  1.752259400000e+03   1.117625888756e-03
  1.775355600000e+03   1.114504813134e-03
  1.798451900000e+03   1.107998099303e-03
  1.821548100000e+03   1.095359419204e-03
  1.844403800000e+03   1.096952589353e-03
  1.867259400000e+03   1.103966917910e-03
  1.890355600000e+03   1.097565017015e-03
  1.913451900000e+03   1.087598862687e-03
  1.936548100000e+03   1.079149365473e-03
  1.959403800000e+03   1.066305490547e-03
  1.982259400000e+03   1.054588990846e-03
  2.005355600000e+03   1.056312524478e-03
  2.028451900000e+03   1.055917749552e-03
  2.051307500000e+03   1.051493559403e-03
  2.074163200000e+03   1.050306996318e-03
  2.097259400000e+03   1.049531955721e-03
  2.120355600000e+03   1.048370377114e-03
  2.143451900000e+03   1.045181541493e-03
  2.166307500000e+03   1.043157796816e-03
  2.189163200000e+03   1.037345215920e-03
  2.212259400000e+03   1.024746116020e-03
  2.235355600000e+03   1.014503696716e-03
  2.258451900000e+03   1.020562471542e-03
  2.281307500000e+03   1.022755894627e-03
  2.304163200000e+03   1.025810952637e-03
  2.327259400000e+03   1.029993682886e-03
  2.350355600000e+03   1.039089719602e-03
  2.373451900000e+03   1.054602708657e-03
  2.396307500000e+03   1.077469834030e-03
  2.419163200000e+03   1.089448089353e-03
  2.442259400000e+03   1.084983331642e-03
  2.465355600000e+03   1.025405806965e-03
  2.488451900000e+03   8.451418059701e-04
