  2.116212700000e+02   5.993952981818e-03
  2.348638000000e+02   4.770579000000e-03
  2.578536900000e+02   4.517636327273e-03
  2.808435900000e+02   4.382883054545e-03
  3.038334800000e+02   4.266922618182e-03
  3.268233700000e+02   4.143002618182e-03
  3.498132700000e+02   3.999719218182e-03
  3.728031600000e+02   3.840064127273e-03
  3.957930600000e+02   3.675165890909e-03
  4.187829500000e+02   3.520568400000e-03
  4.417728500000e+02   3.381604672727e-03
  4.647627400000e+02   3.234705436364e-03
  4.877526400000e+02   3.100870327273e-03
  5.107425300000e+02   2.988044709091e-03
  5.337324300000e+02   2.871710127273e-03
  5.567223200000e+02   2.767267872727e-03
  5.797122100000e+02   2.663092090909e-03
  6.027021100000e+02   2.555251400000e-03
  6.256920000000e+02   2.477238309091e-03
  6.486819000000e+02   2.409576909091e-03
  6.716717900000e+02   2.348785890909e-03
  6.946616900000e+02   2.288419236364e-03
  7.176515800000e+02   2.233358490909e-03
  7.406414800000e+02   2.190297563636e-03
  7.636313700000e+02   2.141494854545e-03
  7.866212700000e+02   2.091949490909e-03
  8.096111600000e+02   2.044899056364e-03
  8.326010500000e+02   1.996351147273e-03
  8.555909500000e+02   1.956826883636e-03
  8.785808400000e+02   1.928076965455e-03
  9.015707400000e+02   1.896923645455e-03
  9.245606300000e+02   1.866977689091e-03
  9.475505300000e+02   1.827452860000e-03
  9.705404200000e+02   1.806274041818e-03
  9.935303200000e+02   1.782703849091e-03
  1.016520200000e+03   1.754629956364e-03
  1.039510100000e+03   1.738982745455e-03
  1.062500000000e+03   1.726030536364e-03
  1.085489900000e+03   1.706360863636e-03
  1.108479800000e+03   1.693925060000e-03
  1.131469700000e+03   1.675811629091e-03
  1.154459600000e+03   1.635433083636e-03
  1.177449500000e+03   1.607923927273e-03
  1.200439400000e+03   1.595069014545e-03
  1.223429300000e+03   1.590227058182e-03
  1.246419200000e+03   1.574095618182e-03
  1.269409100000e+03   1.561426860000e-03
  1.292398900000e+03   1.540213427273e-03
  1.315388800000e+03   1.516404278182e-03
  1.338378700000e+03   1.506804696364e-03
  1.361621300000e+03   1.491213396364e-03
  1.384611200000e+03   1.485228390909e-03
  1.407601100000e+03   1.475823881818e-03
  1.430590900000e+03   1.466081318182e-03
  1.453580800000e+03   1.454904770909e-03
  1.476570700000e+03   1.451094089091e-03
  1.499560600000e+03   1.444774492727e-03
  1.522550500000e+03   1.428569485455e-03
  1.545540400000e+03   1.404834343636e-03
  1.568530300000e+03   1.393956067273e-03
  1.591520200000e+03   1.383412970909e-03
  1.614510100000e+03   1.360313698182e-03
  1.637500000000e+03   1.349827307273e-03
  1.660489900000e+03   1.346642112727e-03
  1.683479800000e+03   1.331784892727e-03
  1.706469700000e+03   1.315064056364e-03
  1.729459600000e+03   1.307681667273e-03
  1.752449500000e+03   1.298954160000e-03
  1.775439400000e+03   1.294292687273e-03
  1.798429300000e+03   1.287330718182e-03
  1.821419200000e+03   1.279742881818e-03
  1.844409100000e+03   1.276783420000e-03
  1.867398900000e+03   1.265311654545e-03
  1.890388800000e+03   1.256102040000e-03
  1.913378700000e+03   1.251067236364e-03
  1.936368600000e+03   1.235733960000e-03
  1.959358500000e+03   1.221285381818e-03
  1.982348400000e+03   1.212076116364e-03
  2.005338300000e+03   1.200289132727e-03
  2.028328200000e+03   1.186699405455e-03
  2.051318100000e+03   1.191218416364e-03
  2.074308000000e+03   1.191879498182e-03
  2.097297900000e+03   1.182551541818e-03
  2.120287800000e+03   1.168079358182e-03
  2.143277700000e+03   1.157401370909e-03
  2.166267600000e+03   1.150840685455e-03
  2.189257500000e+03   1.152449676364e-03
  2.212247400000e+03   1.144696289091e-03
  2.235237300000e+03   1.138253070909e-03
  2.258227200000e+03   1.134062943636e-03
  2.281217000000e+03   1.127546520000e-03
  2.304206900000e+03   1.123536518182e-03
  2.327196800000e+03   1.108416045455e-03
  2.350186700000e+03   1.098102087273e-03
  2.373176600000e+03   1.081954954545e-03
  2.396166500000e+03   1.054648201818e-03
  2.419156400000e+03   1.011401734545e-03
  2.442146300000e+03   9.350500654545e-04
  2.465136200000e+03   7.943491563636e-04
  2.488378700000e+03   3.222062945455e-04
