  2.117423400000e+02   6.071262016114e-03
  2.349771900000e+02   4.733186093839e-03
  2.579622000000e+02   4.472314285308e-03
  2.809472100000e+02   4.324162185782e-03
  3.039322200000e+02   4.211551119431e-03
  3.269172300000e+02   4.072933737441e-03
  3.499022400000e+02   3.909327587678e-03
  3.728872500000e+02   3.733707314692e-03
  3.958722600000e+02   3.538935148815e-03
  4.188572700000e+02   3.368614402844e-03
  4.418422800000e+02   3.195111385782e-03
  4.648272900000e+02   3.035597596209e-03
  4.878123000000e+02   2.882759469194e-03
  5.107973100000e+02   2.733079645498e-03
  5.337823200000e+02   2.609670585782e-03
  5.567673300000e+02   2.477936334597e-03
  5.797523400000e+02   2.344558524171e-03
  6.027373500000e+02   2.239497277725e-03
  6.257223500000e+02   2.149241558294e-03
  6.487073600000e+02   2.063362898578e-03
  6.716923700000e+02   1.990496632796e-03
  6.946773800000e+02   1.912352166445e-03
  7.176623900000e+02   1.840276000853e-03
  7.406474000000e+02   1.770338245498e-03
  7.636324100000e+02   1.701425766635e-03
  7.866174200000e+02   1.649872583791e-03
  8.096024300000e+02   1.592577263128e-03
  8.325874400000e+02   1.550463215166e-03
  8.555724500000e+02   1.503665246161e-03
  8.785574600000e+02   1.464695931754e-03
  9.015424700000e+02   1.432101502938e-03
  9.245274800000e+02   1.406693317251e-03
  9.475124900000e+02   1.367690853649e-03
  9.704975000000e+02   1.338146708436e-03
  9.934825100000e+02   1.306803325213e-03
  1.016467500000e+03   1.288531262938e-03
  1.039452500000e+03   1.268965492796e-03
  1.062437500000e+03   1.234060397156e-03
  1.085422600000e+03   1.203921416209e-03
  1.108407600000e+03   1.173833749479e-03
  1.131392600000e+03   1.167487779810e-03
  1.154377600000e+03   1.156581481611e-03
  1.177362600000e+03   1.132409499716e-03
  1.200347600000e+03   1.116053796777e-03
  1.223332600000e+03   1.095163544360e-03
  1.246317600000e+03   1.084176804929e-03
  1.269302600000e+03   1.073899082938e-03
  1.292287600000e+03   1.061984392417e-03
  1.315272600000e+03   1.050899219431e-03
  1.338507500000e+03   1.035588462370e-03
  1.361742300000e+03   1.020892598294e-03
  1.384727400000e+03   1.018211324550e-03
  1.407712400000e+03   1.012557321232e-03
  1.430697400000e+03   1.013010945213e-03
  1.453682400000e+03   1.001737629194e-03
  1.476667400000e+03   9.910653233175e-04
  1.499652400000e+03   9.698483685308e-04
  1.522637400000e+03   9.629065774408e-04
  1.545622400000e+03   9.548217124171e-04
  1.568607400000e+03   9.363365460664e-04
  1.591592400000e+03   9.221762048341e-04
  1.614577400000e+03   9.191257053081e-04
  1.637562500000e+03   9.109835778199e-04
  1.660547500000e+03   8.932075170616e-04
  1.683532500000e+03   8.850867050237e-04
  1.706517500000e+03   8.791082090047e-04
  1.729502500000e+03   8.728163029384e-04
  1.752487500000e+03   8.652591993365e-04
  1.775472500000e+03   8.651443746919e-04
  1.798457500000e+03   8.678457342180e-04
  1.821442500000e+03   8.685198472038e-04
  1.844427500000e+03   8.648175304265e-04
  1.867412600000e+03   8.612575170616e-04
  1.890397600000e+03   8.576019707109e-04
  1.913382600000e+03   8.531361912796e-04
  1.936367600000e+03   8.501144087204e-04
  1.959352600000e+03   8.438690802844e-04
  1.982337600000e+03   8.404014115640e-04
  2.005322600000e+03   8.355658927014e-04
  2.028307600000e+03   8.310212624645e-04
  2.051292600000e+03   8.236060774408e-04
  2.074277600000e+03   8.160241636019e-04
  2.097262700000e+03   8.061763910900e-04
  2.120247700000e+03   7.985695278673e-04
  2.143232700000e+03   7.996077742180e-04
  2.166217700000e+03   8.040336073934e-04
  2.189202700000e+03   8.065868933649e-04
  2.212187700000e+03   8.048675887204e-04
  2.235172700000e+03   8.021791740284e-04
  2.258157700000e+03   7.948853798104e-04
  2.281142700000e+03   7.907511586730e-04
  2.304127700000e+03   7.867167188626e-04
  2.327112800000e+03   7.837054079621e-04
  2.350097800000e+03   7.881186835071e-04
  2.373082800000e+03   7.902166783886e-04
  2.396067800000e+03   7.960639315640e-04
  2.419052800000e+03   7.954744580095e-04
  2.442037800000e+03   7.693324290995e-04
  2.465022800000e+03   7.062752567773e-04
  2.488257700000e+03   5.819454649289e-04
