  2.115275700000e+02   5.812445054545e-03
  2.345827000000e+02   4.656123418182e-03
  2.576378300000e+02   4.397834054545e-03
  2.806929600000e+02   4.223869636364e-03
  3.037480900000e+02   4.046020781818e-03
  3.268032300000e+02   3.852062509091e-03
  3.498583600000e+02   3.661445090909e-03
  3.729134900000e+02   3.471534327273e-03
  3.957180200000e+02   3.283580745455e-03
  4.185225500000e+02   3.103644654545e-03
  4.415776900000e+02   2.936887527273e-03
  4.646328200000e+02   2.764246345455e-03
  4.876879500000e+02   2.596234327273e-03
  5.107430800000e+02   2.442492254545e-03
  5.337982100000e+02   2.303138872727e-03
  5.568533400000e+02   2.166057418182e-03
  5.796578800000e+02   2.037202752727e-03
  6.024624100000e+02   1.920809745455e-03
  6.255175400000e+02   1.807641220000e-03
  6.485726700000e+02   1.707876138182e-03
  6.716278100000e+02   1.635915354545e-03
  6.946829400000e+02   1.551377656364e-03
  7.177380700000e+02   1.471441612727e-03
  7.407932000000e+02   1.401576263636e-03
  7.638483300000e+02   1.337061469091e-03
  7.866528700000e+02   1.272192240000e-03
  8.094574000000e+02   1.217303145455e-03
  8.325125300000e+02   1.165034427273e-03
  8.555676600000e+02   1.120507407273e-03
  8.786227900000e+02   1.068860778182e-03
  9.016779300000e+02   1.033284276364e-03
  9.247330600000e+02   1.006220770909e-03
  9.477881900000e+02   9.766997418182e-04
  9.705927200000e+02   9.481189290909e-04
  9.933972500000e+02   9.199447363636e-04
  1.016452400000e+03   8.969184527273e-04
  1.039507500000e+03   8.693200036364e-04
  1.062562600000e+03   8.476880709091e-04
  1.085617800000e+03   8.264101509091e-04
  1.108672900000e+03   7.995229690909e-04
  1.131728000000e+03   7.749146127273e-04
  1.154532600000e+03   7.623128600000e-04
  1.177337100000e+03   7.528375927273e-04
  1.200392200000e+03   7.429117000000e-04
  1.223447400000e+03   7.327537418182e-04
  1.246502500000e+03   7.290124927273e-04
  1.269557600000e+03   7.217162636364e-04
  1.292612800000e+03   7.097781436364e-04
  1.315667900000e+03   6.955524763636e-04
  1.338723000000e+03   6.884780781818e-04
  1.361527600000e+03   6.785919054545e-04
  1.384332100000e+03   6.644355563636e-04
  1.407387200000e+03   6.526029818182e-04
  1.430442400000e+03   6.438395745455e-04
  1.453497500000e+03   6.363659963636e-04
  1.476552600000e+03   6.240383890909e-04
  1.499607800000e+03   6.125681618182e-04
  1.522662900000e+03   6.078374309091e-04
  1.545467400000e+03   6.006320636364e-04
  1.568272000000e+03   5.934104890909e-04
  1.591327100000e+03   5.906887581818e-04
  1.614382200000e+03   5.812098745455e-04
  1.637437400000e+03   5.639069127273e-04
  1.660492500000e+03   5.509599600000e-04
  1.683547600000e+03   5.401862436364e-04
  1.706602700000e+03   5.389730509091e-04
  1.729407300000e+03   5.384942000000e-04
  1.752211800000e+03   5.297572600000e-04
  1.775266900000e+03   5.224847981818e-04
  1.798322100000e+03   5.213435818182e-04
  1.821377200000e+03   5.259964763636e-04
  1.844432300000e+03   5.298428072727e-04
  1.867487500000e+03   5.290779472727e-04
  1.890542600000e+03   5.304474472727e-04
  1.913597700000e+03   5.344687509091e-04
  1.936402300000e+03   5.424283472727e-04
  1.959206800000e+03   5.481295472727e-04
  1.982261900000e+03   5.502491836364e-04
  2.005317100000e+03   5.580907436364e-04
  2.028372200000e+03   5.593522781818e-04
  2.051427300000e+03   5.603907927273e-04
  2.074482500000e+03   5.611614527273e-04
  2.097537600000e+03   5.672195327273e-04
  2.120342100000e+03   5.794145618182e-04
  2.143146700000e+03   5.860530327273e-04
  2.166201800000e+03   5.962850327273e-04
  2.189256900000e+03   6.003016800000e-04
  2.212312100000e+03   6.078573036364e-04
  2.235367200000e+03   6.190068654545e-04
  2.258422300000e+03   6.271342018182e-04
  2.281477400000e+03   6.410002236364e-04
  2.304282000000e+03   6.599414254545e-04
  2.327086500000e+03   6.876934018182e-04
  2.350141600000e+03   7.194250672727e-04
  2.373196800000e+03   7.615324890909e-04
  2.396251900000e+03   8.163397090909e-04
  2.419307000000e+03   8.900671036364e-04
  2.442362200000e+03   9.911028145455e-04
  2.465417300000e+03   1.118857141818e-03
  2.488472400000e+03   1.626892787273e-03
